1161.23 1165.46 1145.78 1148.93 1156.78 1167.52 1142.56 1143.56 1146.87 1148.92 1140.45 1156.78 1159.25 1165.90 1167.78 1169.76 1178.98 1158.87 1167.98 1175.89 1145.67 1165.89 1143.89 1145.56 1156.78 1158.01 1176.89 1178.21 1186.76 1146.78
173.45 176.29 182.45 181.93 174.67 178.32 179.40 178.98 181.90 183.45 169.90 167.89 168.93 165.78 164.78 167.89 180.08 181.67 167.78 176.89 181.90 184.76 182.35 183.67 185.98 175.67 174.98 179.90 178.98 175.67 
4876.89 4834.98 4897.90 4889.06 4826.78 4825.67 4897.80 4867.98 4990.10 4912.45 4924.56 4936.57 4987.90 4973.94 4956.89 5001.34 5010.90 5005.67 5007.89 5005.38 5001.93 5014.57 5039.90 5093.98 5046.78 5067.89 4998.79 5036.78 50024.56 5015.67
1306.78 1309.90 1313.68 1345.67 1335.76 1324.56 1347.80 1324.56 1342.67 1290.67 1298.79 1284.56 1298.94 1314.56 1325.67 1297.90 1324.56 1329.89 1318.94 1315.89 1294.56 1293.39 1289.67 1327.89 1309.89 1302.56 1300.67 1314.67 1308.89 1302.67 
1784.78 1778.89 1773.45 1770.90 1793.56 1793.56 1785.67 1774.67 1773.68 1779.90 1765.78 1763.89 1779.04 1778.94 1774.67 1793.56 1786.93 1794.67 1780.90 1783.46 1762.89 1773.56 1791.92 1762.89 1784.78 1783.49 1790.63 1789.34 1774.89 1779.02 
675.89 683.47 659.90 678.89 674.90 672.89 670.82 674.56 672.90 667.89 690.89 694.56 698.89 697.46 684.68 687.89 684.68 683.67 674.68 670.23 673.56 683.89 690.12 684.67 683.46 675.67 692.56 684.59 675.67 683.78 
183.45 185.67 183.56 184.57 189.90 172.34 178.89 174.56 175.67 178.89 174.67 184.56 186.79 182.78 181.45 184.56 183.67 184.56 187.89 182.45 181.89 180.90 186.78 183.56 182.67 189.79 176.78 175.56 179.90 175.67 
378.89 378.90 372.67 372.56 378.78 376.89 375.78 372.34 374.56 378.89 376.78 372.56 369.89 379.90 376.78 379.90 378.68 372.45 378.90 375.78 379.89 372.56 378.98 376.78 375.78 371.45 367.89 383.67 392.56 381.89 
293.65 298.78 294.56 298.78 290.78 285.67 284.56 289.90 287.79 286.78 290.34 297.78 298.87 296.67 294.56 298.78 285.67 289.89 284.46 287.67 274.56 295.56 294.56 293.56 287.67 284.57 283.56 289.90 285.67 293.45 
297.78 298.87 296.67 294.56 298.78 285.67 289.89 284.46 287.78 290.78 285.67 284.56 289.90 287.79 286.78 293.65 298.78 294.56 298.78 290.78 284.46 287.67 274.56 295.56 294.56 293.56 294.56 298.78 285.67 278.90
378.89 378.90 372.67 372.56 378.78 376.89 375.78 372.34 374.56 378.89 376.78 372.56 369.89 375.78 379.89 372.56 378.98 376.78 375.78 371.45 367.89 383.67 392.56 381.89 380.05 376.78 372.56 369.89 379.90 376.78
305.67 309.90 308.89 302.45 305.67 302.56 307.78 304.56 305.67 298.89 299.89 297.79 290.89 295.57 298.78 294.56 293.65 298.78 294.56 298.78 290.78 297.78 298.87 296.67 294.56 298.78 295.56 294.56 293.56 294.56 
256.67 256.89 257.89 249.09 246.78 249.89 258.78 267.78 263.56 276.78 265.67 264.45 256.78 278.98 264.67 268.89 256.89 258.90 276.90 256.89 248.90 248.03 276.68 245.56 265.57 264.56 237.78 254.56 264.56 267.84 
1784.78 1778.89 1773.45 1770.90 1793.56 1793.56 1785.67 1774.67 1773.68 1779.90 1765.78 1763.89 1779.04 1778.94 1867.67 1823.45 1873.56 1845.67 1845.89 1834.67 1874.89 1843.78 1890.83 1849.90 1823.45 1834.78 1846.78 1856.89 1784.78 1778.89  
305.67 309.90 308.89 302.45 305.67 302.56 307.78 304.56 305.67 326.78 326.67 329.90 319.80 318.78 316.78 315.67 319.02 315.67 315.57 324.56 329.89 321.90 321.83 325.67 305.67 309.90 308.89 302.45 305.67 302.56 
2784.78 2778.89 2773.45 2770.90 2793.56 2793.56 2785.67 2774.67 2773.68 2779.90 2765.78 2763.89 2779.04 2778.94 2867.67 2823.45 2873.56 2845.67 2845.89 2834.67 2874.89 2843.78 2890.83 2849.90 2823.45 2834.78 2846.78 2856.89 2784.78 2778.89 
797.46 784.68 787.89 784.68 783.67 774.68 770.23 773.56 783.89 790.12 784.67 783.46 775.67 792.56 784.59 775.67 783.78 772.45 775.89 783.47 759.90 778.89 774.90 772.89 770.82 774.56 772.90 767.89 787.89 784.68  
597.78 598.87 596.67 594.56 598.78 585.67 589.89 584.46 587.78 590.78 585.67 584.56 589.90 618.89 620.09 614.56 624.56 639.89 625.67 627.78 629.09 623.89 628.84 629.09 630.09 631.89 620.90 617.89 623.56 619.09  
1694.90 1670.89 1689.93 1652.78 1643.78 1675.89 1573.68 1579.90 1565.78 1563.89 1579.04 1578.94 1567.67 1523.45 1573.56 1545.67 1545.89 1534.67 1574.89 1543.78 1590.83 1549.90 1523.45 1534.78 1546.78 1556.89 1584.78 1578.89 1573.45 1563.78  
93.45 98.29 92.45 91.93 94.67 98.32 99.40 98.98 91.90 93.45 99.90 99.90 99.80 98.78 96.78 95.67 99.02 95.67 95.57 94.56 98.89 91.97 98.89 93.45 97.78 93.45 96.67 93.67 94.67 98.98 
478.89 478.90 472.67 472.56 478.78 476.89 475.78 472.34 474.56 478.89 476.78 472.56 469.89 475.78 479.89 472.56 478.98 452.45 478.90 475.78 479.89 472.56 478.98 436.78 475.78 471.45 467.89 483.67 492.56 481.89 
825.67 829.90 828.89 822.45 825.67 822.56 827.78 824.56 825.67 826.78 826.67 829.90 829.80 828.78 826.78 825.67 829.02 825.67 825.57 815.67 819.90 818.89 812.45 815.67 812.56 817.78 814.56 815.67 826.78 826.67 
295.57 298.78 294.56 293.65 298.78 294.56 298.78 290.78 297.78 298.87 296.67 294.56 298.78 295.56 294.56 293.56 305.67 309.90 308.89 302.45 305.67 302.56 307.78 304.56 305.67 298.89 319.80 318.78 316.78 315.67 
1056.78 1067.52 1042.56 1043.56 1046.87 1048.92 1040.45 1061.23 1065.46 1045.78 1048.93 1056.78 1067.52 1042.56 1043.56 1067.78 1069.76 1078.98 1058.87 1067.98 1075.89 1045.67 1065.89 1043.89 1045.56 1006.78 1058.01 1076.89 1078.21 1086.76 
2940.78 2985.67 2884.56 2889.90 2887.79 2886.78 2890.34 2897.78 2898.87 2996.67 2994.56 2978.78 2829.90 2829.80 2828.78 2826.78 2825.67 2829.02 2867.67 2823.45 2873.56 2845.67 2845.89 2984.56 2983.56 2887.67 2984.57 2893.56 2899.90 2885.67 
143.8 145.62 141.73 139.65 136.48 139.48 142.66 150.45 146.77 139.67 142.98 144.76 143.76 143.86 135.87 149.03 139.67 140.83 141.65 141.76 143.87 138.64 138.67 138.54 139.75 142.65 142.89 139.99 140.76 148.65 
67.87 69.97 65.78 64.65 65.87 66.87 64.76 64.98 67.82 67.77 62.76 64.96 61.86 63.49 68.97 68.54 68.01 68.47 65.84 67.77 68.52 64.65 67.33 67.82 68.91 67.54 68.32 66.54 67.54 69.48 
345.43 342.33 341.32 347.51 346.54 347.65 342.32 346.54 329.76 336.76 341.07 342.65 342.65 346.56 345.76 346.54 346.54 347.98 346.51 350.31 346.65 342.65 343.54 345.65 346.76 345.43 343.54 343.56 344.76 342.65 
652.30 651.43 644.76 641.98 640.23 644.43 629.87 628.54 624.75 631.76 632.48 641.76 642.87 642.42 650.76 652.67 654.87 659.65 654.87 660.51 667.65 668.43 659.87 652.45 652.54 648.54 656.65 657.87 652.43 654.65 
1398.65 1378.64 1370.33 1376.82 1350.76 1340.54 1330.65 1329.86 1350.76 1360.86 1388.56 1398.56 1408.65 1418.76 1429.76 1440.76 1443.45 1423.67 1437.56 1407.86 1406.67 1398.67 1378.76 1376.87 1401.34 1405.65 1387.65 1376.54 1387.56 1405.67   
631.1 634.54 635.67 641.87 642.65 657.76 653.65 642.65 636.87 631.87 627.76 626.87 622.76 613.56 623.76 624.98 634.76 635.15 640.76 631.65 635.24 631.76 634.65 640.65 642.76 643.12 636.65 632.65 631.72 634.54 
857.10 856.43 847.87 841.98 838.76 829.65 831.54 845.76 850.76 854.87 858.96 862.98 864.65 867.54 862.98 865.46 851.87 860.34 867.86 854.67 851.28 854.43 861.76 860.54 864.56 865.87 867.46 872.45 871.54 860.76  
1283.8 1287.76 1267.65 1254.76 1255.67 1235.76 1229.87 1245.76 1276.85 1242.65 1276.43 1265.82 1236.89 1270.65 1289.65 1312.65 1314.65 1320.65 1327.43 1340.43 1287.76 1275.84 1287.98 1296.86 1248.65 1287.52 1299.67 1279.63 1287.65 1277.65 
143.5 149.87 147.62 148.53 140.42 133.45 132.76 131.98 127.65 126.54 138.76 139.76 142.68 138.76 139.05 142.76 142.78 146.76 145.93 142.65 146.87 147.65 127.54 148.65 149.52 143.54 142.68 147.87 139.87 140.72 
308.85 304.97 303.76 299.76 278.65 289.65 294.51 299.76 299.80 304.76 303.67 305.87 307.87 312.65 313.86 319.64 320.09 328.76 322.54 308.76 311.56 315.87 312.76 318.96 308.97 307.65 305.98 302.87 300.1 308.6  
105.5 104.65 102.76 101.77 105.75 105.87 105.98 103.76 99.87 99.40 99.37 99.58 99.60 103.76 106.78 108.93 106.74 104.85 104.76 103.98 107.65 106.43 99.86 98.54 109.56 108.76 105.67 105.98 104.54 105.76  
724.90 720.76 716.95 710.76 708.76 704.76 701.87 699.76 699.43 698.54 704.56 705.76 701.76 704.65 709.76 711.65 719.87 727.86 730.87 737.86 738.87 740.87 740.62 734.78 629.76 630.75 636.01 637.65 629.76 628.76 
451.75 447.64 440.72 440.54 436.82 436.58 430.61 433.76 427.54 431.72 438.70 441.76 445.97 449.76 454.37 457.18 460.38 462.54 465.63 469.43 460.61 458.65 455.37 441.7 443.76 446.34 441.08 440.76 445.92 448.61 
778.75 775.62 769.43 762.75 659.87 765.19 769.29 775.76 778.32 787.37 794.92 799.85 788.46 785.19 783.65 780.05 781.86 775.97 769.65 763.87 770.49 776.86 773.45 775.97 778.38 771.98 779.47 773.86 781.48 784.56 
338.75 340.76 347.62 344.51 339.76 337.65 333.21 329.62 319.54 320.61 330.56 334.98 331.76 336.78 336.58 340.87 346.51 340.98 346.89 345.37 353.86 357.31 351.86 350.65 349.65 358.76 350.65 346.32 339.76 337.65  
151.35 152.87 156.83 157.32 160.07 156.32 153.82 152.09 149.63 143.76 147.85 149.76 150.86 153.87 154.62 150.43 144.89 145.54 143.87 143.98 147.98 146.23 149.04 150.48 151.54 154.87 155.92 157.37 158.92 154.76 
530.4 533.87 532.98 537.98 541.72 542.76 543.98 550.32 543.71 537.97 532.70 529.87 531.98 524.87 522.91 520.87 516.94 528.76 529.87 527.61 528.92 533.01 534.90 538.21 529.87 537.83 528.75 531.49 533.76 540.98 
2090.6 2097.42 2080.6 2076.45 2030.65 2045.64 2030.65 2050.64 2067.84 2091.76 3002.65 3009.45 3015.76 3018.79 3019.45 3027.87 3054.87 3010.89 3029.87 2099.87 2098.74 2087.25 2098.76 3020.87 3076.54 3020.87 2099.87 3010.65 3003.87 2094.87 
812.65 807.65 804.76 803.12 799.45 804.76 801.87 810.34 816.78 820.84 830.98 827.67 825.98 831.76 819.76 814.57 810.34 802.76 798.65 789.65 805.67 809.54 814.56 812.08 820.85 805.68 802.87 794.87 799.54 807.54 
1556.85 1550.54 1540.43 1520.98 1520.76 1503.87 1510.98 1529.87 1540.76 1550.65 1558.92 1563.98 1590.43 1587.56 1572.18 1561.98 1583.87 1550.98 1548.73 1528.76 1540.98 1550.39 1543.09 1559.87 1568.49 1570.84 1558.95 1569.87 1589.65 1560.45 
265.5 266.87 270.56 269.54 270.59 279.56 273.98 270.23 265.81 267.56 261.05 259.87 256.34 250.51 249.82 248.97 253.05 259.83 251.87 257.07 259.86 251.05 266.98 273.45 283.06 281.09 277.59 279.45 271.98 263.98 
95.85 93.87 95.67 90.61 90.65 89.54 87.69 90.54 94.98 96.87 97.10 98.46 101.98 102.34 99.87 99.54 92.76 95.43 96.78 93.56 91.04 92.87 94.50 96.80 99.45 95.60 96.86 93.76 91.76 92.98 
314.7 312.98 307.76 306.85 302.65 300.16 309.87 320.98 324.56 325.76 319.87 317.68 312.78 318.67 319.81 312.76 307.98 299.87 299.81 304.76 308.98 301.78 305.98 306.87 309.76 312.98 313.65 316.87 315.98 312.76 
1865.15 1867.43 1866.43 1866.98 1843.76 1823.76 1834.76 1823.87 1809.76 1800.87 1854.67 1869.87 1870.69 1889.09 1899.05 1900.56 1899.54 1856.87 1876.36 1870.98 1856.87 1867.65 1860.94 1858.28 1856.78 1857.09 1840.65 1843.09 1876.98 1880.87 
431.0 432.76 433.98 439.98 441.09 442.98 443.98 439.87 437.65 429.87 419.87 420.76 426.98 429.01 437.47 439.87 436.58 431.98 440.91 440.92 438.76 432.87 430.98 427.68 436.59 440.98 431.87 450.98 440.76 429.87  
 

  



